Name Hill End
Longitude 149.41667
Latitude -33.03333
Depth Density   Vp      Vs Type
500    1030     1450    0
1500    1030     1450    0
2500    1030     1450    0
3500    1800     2000   200
4000    1800     2000   200
4500    1800     2000   200
5500    1800     2000   200
6500    1800     2000   200
7500    1800     2000   200
8500    1800     2000   200
9500    1800     2000   200
10500    2700    6500    3500
11500    2700    6500    3500
12500    2950    6500    3500
13500    2950    6500    3500
14500    2950    6500    3500
15500    2950    6500    3500
16500    2950    6500    3500
17500    2950    6500    3500
18500    3100    7000    3700
19500    3100    7000    3700
20500    3100    7000    3700
21500    3100    7000    3700
22500    3100    7000    3700
23500    3100    7000    3700
24500    3100    7000    3700
25500    3100    7000    3700 Moho
26000    3500   8000     4500
27000    3500   8000     4500
28000    3500   8000     4500
29000    3500   8000     4500
30000    3500   8000     4500
