Name WineglassBay
Longitude 148.298333
Latitude -42.125278
Depth Density   Vp      Vs Type
500    1030     1450    0
1500    1030     1450    0
2500    1030     1450    0
3500    1800     2000   200
4000    1800     2000   200
4500    2700     3000   1800
5500    2700     3000   1800
6500    2900    5500    2800
7500    2900    5500    2800
8500    2900    5500    2800
9500    2900    5500    2800
10500    2950    6500    3500
11500    2950    6500    3500
12500    2950    6500    3500
13500    2950    6500    3500
14500    2950    6500    3500
15500    2950    6500    3500
16500    2950    6500    3500
17500    2950    6500    3500
18500    3100    7000    3700
19500    3100    7000    3700
20500    3100    7000    3700
21500    3100    7000    3700
22500    3100    7000    3700
23500    3100    7000    3700
24500    3100    7000    3700
25500    3100    7000    3700
26000    3500   8000     4500
27000    3500   8000     4500
28000    3500   8000     4500
29000    3500   8000     4500
30000    3500   8000     4500

