Lithology	Citation	Density	DensityStdev	Vp	VpStdev	Vs	VsStdev	VpVs	VpVsStdev	Pressure
basalt	Zhang_etal_2009	2150	180	3380	200	1960	150	NaN	NaN	NaN
diabase	Zhang_etal_2009	2670	200	5140	210	3010	130	NaN	NaN	NaN
mudstone	Zhang_etal_2009	2470	210	3720	190	2330	180	NaN	NaN	NaN
shale	Zhang_etal_2009	2420	190	3850	180	2470	160	NaN	NaN	NaN
mudstone	Zhang_etal_2009	2700	170	4780	230	3010	200	NaN	NaN	NaN
mudstone	Zhang_etal_2009	2600	200	5430	150	3470	180	NaN	NaN	NaN
dolomite	Zhang_etal_2009	2650	180	5700	180	3090	160	NaN	NaN	NaN
dolomite	Zhang_etal_2009	2570	220	5610	160	3130	150	NaN	NaN	NaN
siltstone	Zhang_etal_2009	2280	170	4240	200	2690	180	NaN	NaN	NaN
sandstone	Zhang_etal_2009	2220	180	4350	170	2730	200	NaN	NaN	NaN
conglomerate	Zhang_etal_2009	2560	210	5540	180	3010	210	NaN	NaN	NaN
sandstone	Zhang_etal_2009	2590	210	5260	200	3260	180	NaN	NaN	NaN
siltstone	Zhang_etal_2009	2340	190	4580	180	2710	160	NaN	NaN	NaN
serpentinite	Holbrook_etal_1992	2590	90	5500	550	2710	440	2.031	0.170	400000
quartzite	Holbrook_etal_1992	2570	120	5520	570	3570	410	1.546	0.105	400000
granite	Holbrook_etal_1992	2660	50	6070	230	3520	230	1.710	0.099	400000
granodiorite	Holbrook_etal_1992	2690	70	6080	350	3430	210	1.782	0.057	400000
gneiss	Holbrook_etal_1992	2730	70	6180	170	3570	160	1.732	0.077	400000
schist	Holbrook_etal_1992	2790	70	6260	110	3570	170	1.756	0.115	400000
metagabbro	Holbrook_etal_1992	2910	90	6590	300	3710	110	1.782	0.028	400000
gabbro	Holbrook_etal_1992	2940	90	6950	220	3740	180	1.839	0.067	400000
amphibolite	Holbrook_etal_1992	3050	100	7030	240	3770	210	1.871	0.073	400000
quartzite	Holbrook_etal_1992	2660	120	5820	220	3710	90	1.558	0.075	400000
gneiss	Holbrook_etal_1992	2730	70	6200	190	3540	160	1.756	0.083	400000
granulite	Holbrook_etal_1992	2700	60	6250	110	3530	90	1.782	0.057	400000
schist	Holbrook_etal_1992	2790	70	6290	120	3580	160	1.756	0.115	400000
granulite	Holbrook_etal_1992	2790	110	6390	200	3580	140	1.782	0.089	400000
anorthosite	Holbrook_etal_1992	2800	100	6810	310	3650	200	1.871	0.073	400000
granulite	Holbrook_etal_1992	3030	170	6860	270	3600	220	1.906	0.080	400000
amphibolite	Holbrook_etal_1992	3050	90	7000	240	3810	220	1.839	0.067	400000
metapelite	Holbrook_etal_1992	3100	110	7170	360	4030	210	1.782	0.028	400000
pyroxenite	Holbrook_etal_1992	3270	40	7710	150	4230	270	1.809	0.135	400000
eclogite	Holbrook_etal_1992	3430	90	7940	280	4380	160	1.809	0.062	400000
dunite	Holbrook_etal_1992	3280	40	8020	230	4370	180	1.839	0.067	400000
serpentinite	Holbrook_etal_1992	2590	90	5630	550	2790	440	2.031	0.170	700000
quartzite	Holbrook_etal_1992	2570	120	5710	570	3600	410	1.586	0.105	700000
granite	Holbrook_etal_1992	2660	50	6220	230	3570	230	1.732	0.099	700000
granodiorite	Holbrook_etal_1992	2690	70	6260	350	3550	210	1.756	0.057	700000
gneiss	Holbrook_etal_1992	2730	70	6270	170	3610	160	1.732	0.077	700000
schist	Holbrook_etal_1992	2790	70	6370	110	3620	170	1.756	0.115	700000
metagabbro	Holbrook_etal_1992	2910	90	6760	300	3760	110	1.809	0.028	700000
gabbro	Holbrook_etal_1992	2940	90	7120	220	3800	180	1.871	0.067	700000
amphibolite	Holbrook_etal_1992	3050	100	7050	240	3920	210	1.809	0.073	700000
quartzite	Holbrook_etal_1992	2660	120	5970	220	3750	90	1.586	0.075	700000
gneiss	Holbrook_etal_1992	2730	70	6360	190	3620	160	1.756	0.083	700000
granulite	Holbrook_etal_1992	2700	60	6440	110	3640	90	1.782	0.057	700000
schist	Holbrook_etal_1992	2790	70	6470	120	3660	160	1.756	0.115	700000
granulite	Holbrook_etal_1992	2790	110	6590	200	3690	140	1.782	0.089	700000
anorthosite	Holbrook_etal_1992	2800	100	7030	310	3720	200	1.906	0.073	700000
granulite	Holbrook_etal_1992	3030	170	7130	270	3900	220	1.839	0.080	700000
amphibolite	Holbrook_etal_1992	3050	90	7140	240	4030	220	1.782	0.067	700000
metapelite	Holbrook_etal_1992	3100	110	7330	360	4110	210	1.782	0.028	700000
pyroxenite	Holbrook_etal_1992	3270	40	8000	150	4410	270	1.809	0.135	700000
eclogite	Holbrook_etal_1992	3430	90	8110	280	4540	160	1.782	0.062	700000
dunite	Holbrook_etal_1992	3280	40	8280	230	4610	180	1.809	0.067	700000

