Name Deviation from ak135-f - spherical average structure
Citation Kennett B.L.N., Engdahl E.R. & Buland R. (1995) Constraints on seismic velocities in the earth from travel times Geophys. J. Int, 122, 108-124
Citation Montagner J.P. & Kennett B.L.N. (1995) How to reconcile body-wave and normal-mode reference Earth models? Geophys. J. Int., 125, 229-248
# Vp: +/- 5% of the value
# Vs: +/- 10% of the value
# Density: +/-2% of the value
Depth	VpMin	VpMax	VsMin	VsMax	DensityMin	DensityMax	
0	NaN	NaN	NaN	NaN	NaN	NaN	
3000	NaN	NaN	NaN	NaN	NaN	NaN	water
3000	NaN	NaN	NaN	NaN	NaN	NaN	
3300	NaN	NaN	NaN	NaN	NaN	NaN	crustupper
3300	NaN	NaN	NaN	NaN	NaN	NaN	
10000	NaN	NaN	NaN	NaN	NaN	NaN	crustmiddle
10000	NaN	NaN	NaN	NaN	NaN	NaN	
18000	NaN	NaN	NaN	NaN	NaN	NaN	crustlower
18000	7633.725	8437.275	4035.51	4932.29	3568.18	3713.82	
43000	7636.005	8439.795	4037.04	4934.16	3508.498	3651.702	
80000	7638	8442	4032	4928	3431.96	3572.04	
80000	7642.75	8447.25	4041	4939	3431.96	3572.04	
120000	7647.975	8453.025	4050	4950	3358.264	3495.336	
120000	7647.975	8453.025	4050	4950	3358.264	3495.336	
165000	7766.25	8583.75	4058.1	4959.9	3303.678	3438.522	
210000	7885.665	8715.735	4066.56	4970.24	3257.814	3390.786	
210000	7885.665	8715.735	4066.56	4970.24	3257.814	3390.786	
260000	8058.09	8906.31	4148.46	5070.34	3298.974	3433.626	
310000	8231.75	9098.25	4226.76	5166.04	3342.78	3479.22	
360000	8405.22	9289.98	4304.88	5261.52	3388.546	3526.854	
410000	8578.69	9481.71	4383.18	5357.22	3436.664	3576.936	410km
410000	8892.095	9828.105	4572.54	5588.66	3853.066	4010.334	
460000	9051.6	10004.4	4667.76	5705.04	3848.754	4005.846	
510000	9211.39	10181.01	4762.98	5821.42	3844.834	4001.766	
560000	9370.8	10357.2	4859.01	5938.79	3843.364	4000.236	
610000	9530.4	10533.6	4954.23	6055.17	3842.188	3999.012	
660000	9690	10710	5049.36	6171.44	3841.698	3998.502	
660000	10251.355	11330.445	5364.63	6556.77	4153.926	4323.474	
710000	10376.09	11468.31	5480.82	6698.78	4212.628	4384.572	
760000	10502.535	11608.065	5589	6831	4269.37	4443.63	
809500	10578.725	11692.275	5618.16	6866.64	4323.564	4500.036	
859000	10661.66	11783.94	5651.91	6907.89	4375.7	4554.3	
908500	10741.46	11872.14	5684.76	6948.04	4425.876	4606.524	
958000	10820.215	11959.185	5716.71	6987.09	4474.092	4656.708	
1007500	10896.88	12043.92	5747.4	7024.6	4500.748	4684.452	
1057000	10971.835	12126.765	5776.38	7060.02	4527.404	4712.196	
1106500	11045.175	12207.825	5806.26	7096.54	4553.766	4739.634	
1156000	11116.9	12287.1	5833.98	7130.42	4580.03	4766.97	
1205500	11187.96	12365.64	5861.79	7164.41	4606.098	4794.102	
1255000	11256.645	12441.555	5888.79	7197.41	4632.068	4821.132	
1304500	11324.76	12516.84	5915.52	7230.08	4657.744	4847.856	
1354000	11389.645	12588.555	5940.81	7260.99	4683.42	4874.58	
1403500	11454.245	12659.955	5965.65	7291.35	4708.9	4901.1	
1453000	11518.465	12730.935	5989.86	7320.94	4734.086	4927.314	
1502500	11581.64	12800.76	6013.17	7349.43	4759.076	4953.324	
1552000	11643.01	12868.59	6036.3	7377.7	4784.066	4979.334	
1601500	11702.195	12934.005	6059.07	7405.53	4808.762	5005.038	
1651000	11762.235	13000.365	6082.11	7433.69	4833.458	5030.742	
1700500	11820.565	13064.835	6103.8	7460.2	4857.86	5056.14	
1750000	11877.85	13128.15	6125.04	7486.16	4882.066	5081.334	
1799500	11935.61	13191.99	6146.01	7511.79	4906.076	5106.324	
1849000	11991.47	13253.73	6166.53	7536.87	4929.988	5131.212	
1898500	12046.665	13314.735	6186.87	7561.73	4953.704	5155.896	
1948000	12101.48	13375.32	6207.48	7586.92	4977.322	5180.478	
1997500	12155.82	13435.38	6227.46	7611.34	5000.646	5204.754	
2047000	12209.78	13495.02	6247.44	7635.76	5023.872	5228.928	
2096500	12263.835	13554.765	6266.25	7658.75	5046.902	5252.898	
2146000	12317.985	13614.615	6286.68	7683.72	5069.736	5276.664	
2195500	12371.47	13673.73	6306.21	7707.59	5092.374	5300.226	
2245000	12424.67	13732.53	6325.74	7731.46	5114.816	5323.584	
2294500	12477.015	13790.385	6345.36	7755.44	5137.16	5346.84	
2344000	12530.025	13848.975	6364.98	7779.42	5159.308	5369.892	
2393500	12584.175	13908.825	6383.88	7802.52	5181.26	5392.74	
2443000	12636.615	13966.785	6402.96	7825.84	5203.016	5415.384	
2492500	12690.48	14026.32	6423.12	7850.48	5224.674	5437.926	
2542000	12744.82	14086.38	6442.56	7874.24	5246.038	5460.162	
2591500	12800.395	14147.805	6462.36	7898.44	5267.304	5482.296	
2640000	12854.545	14207.655	6482.79	7923.41	5288.276	5504.124	
2690000	12910.405	14269.395	6502.77	7947.83	5309.248	5525.952	
2740000	12967.31	14332.29	6523.65	7973.35	5329.926	5547.474	
2740000	12967.31	14332.29	6523.65	7973.35	5579.532	5807.268	
2789670	12970.635	14335.965	6533.37	7985.23	5605.208	5833.992	
2839330	12974.15	14339.85	6543	7997	5630.884	5860.716	
2891500	12977.095	14343.105	6553.53	8009.87	5656.658	5887.542	cmb
2891500	NaN	NaN	NaN	NaN	NaN	NaN	

