Model ak135-f - spherical average structure
# Kennett B.L.N., Engdahl E.R. & Buland R. (1995) Constraints on seismic velocities in the earth from travel times Geophys. J. Int, 122, 108-124
# Montagner J.P. & Kennett B.L.N. (1995) How to reconcile body-wave and normal-mode reference Earth models? Geophys. J. Int., 125, 229-248
Depth	Vp	Vs	Density	ShearQualityFactor	BulkQualityFactor
# m, m/sec, m/sec, kg/m3, 1, 1
0	1450	0	1020	57822	0
3000	1450	0	1020	57822	0
3000	1650	1000	2000	163.35	80
3300	1650	1000	2000	163.35	80
3300	5800	3200	2600	1478.3	599.99
10000	5800	3200	2600	1478.3	599.99
10000	6800	3900	2920	1368.02	599.99
18000	6800	3900	2920	1368.02	599.99
18000	8035.5	4483.9	3641	950.5	394.62
43000	8037.9	4485.6	3580.1	972.77	403.93
80000	8040	4480	3502	1008.71	417.59
80000	8045	4490	3502	182.03	75.6
120000	8050.5	4500	3426.8	182.57	76.06
120000	8050.5	4500	3426.8	182.57	76.06
165000	8175	4509	3371.1	188.72	76.55
210000	8300.7	4518.4	3324.3	200.97	79.4
210000	8300.7	4518.4	3324.3	338.47	133.72
260000	8482.2	4609.4	3366.3	346.37	136.38
310000	8665	4696.4	3411	355.85	139.38
360000	8847.6	4783.2	3457.7	366.34	142.76
410000	9030.2	4870.2	3506.8	377.93	146.57
410000	9360.1	5080.6	3931.7	413.66	162.5
460000	9528	5186.4	3927.3	417.32	164.87
510000	9696.2	5292.2	3923.3	419.94	166.8
560000	9864	5398.9	3921.8	422.55	168.78
610000	10032	5504.7	3920.6	425.51	170.82
660000	10200	5610.4	3920.1	428.69	172.93
660000	10790.9	5960.7	4238.7	1350.54	549.45
710000	10922.2	6089.8	4298.6	1311.17	543.48
760000	11055.3	6210	4356.5	1277.93	537.63
809500	11135.5	6242.4	4411.8	1269.44	531.91
859000	11222.8	6279.9	4465	1260.68	526.32
908500	11306.8	6316.4	4516.2	1251.69	520.83
958000	11389.7	6351.9	4565.4	1243.02	515.46
1007500	11470.4	6386	4592.6	1234.54	510.2
1057000	11549.3	6418.2	4619.8	1226.52	505.05
1106500	11626.5	6451.4	4646.7	1217.91	500
1156000	11702	6482.2	4673.5	1210.02	495.05
1205500	11776.8	6513.1	4700.1	1202.04	490.2
1255000	11849.1	6543.1	4726.6	1193.99	485.44
1304500	11920.8	6572.8	4752.8	1186.06	480.77
1354000	11989.1	6600.9	4779	1178.19	476.19
1403500	12057.1	6628.5	4805	1170.53	471.7
1453000	12124.7	6655.4	4830.7	1163.16	467.29
1502500	12191.2	6681.3	4856.2	1156.04	462.96
1552000	12255.8	6707	4881.7	1148.76	458.72
1601500	12318.1	6732.3	4906.9	1141.32	454.55
1651000	12381.3	6757.9	4932.1	1134.01	450.45
1700500	12442.7	6782	4957	1127.02	446.43
1750000	12503	6805.6	4981.7	1120.09	442.48
1799500	12563.8	6828.9	5006.2	1108.58	436.68
1849000	12622.6	6851.7	5030.6	1097.16	431.03
1898500	12680.7	6874.3	5054.8	1085.97	425.53
1948000	12738.4	6897.2	5078.9	1070.38	418.41
1997500	12795.6	6919.4	5102.7	1064.23	414.94
2047000	12852.4	6941.6	5126.4	1058.03	411.52
2096500	12909.3	6962.5	5149.9	1048.09	406.5
2146000	12966.3	6985.2	5173.2	1042.07	403.23
2195500	13022.6	7006.9	5196.3	1032.14	398.41
2245000	13078.6	7028.6	5219.2	1018.38	392.16
2294500	13133.7	7050.4	5242	1008.79	387.6
2344000	13189.5	7072.2	5264.6	999.44	383.14
2393500	13246.5	7093.2	5287	990.77	378.79
2443000	13301.7	7114.4	5309.2	985.63	375.94
2492500	13358.4	7136.8	5331.3	976.81	371.75
2542000	13415.6	7158.4	5353.1	968.46	367.65
2591500	13474.1	7180.4	5374.8	960.36	363.64
2640000	13531.1	7203.1	5396.2	952	359.71
2690000	13589.9	7225.3	5417.6	940.88	354.61
2740000	13649.8	7248.5	5438.7	933.21	350.88
2740000	13649.8	7248.5	5693.4	722.73	271.74
2789670	13653.3	7259.3	5719.6	726.87	273.97
2839330	13657	7270	5745.8	725.11	273.97
2891500	13660.1	7281.7	5772.1	723.12	273.97
2891500	8000	0	9914.5	57822	0
2939330	8038.2	0	9994.2	57822	0
2989660	8128.3	0	10072.2	57822	0
3039990	8221.3	0	10148.5	57822	0
3090320	8312.2	0	10223.3	57822	0
3140660	8400.1	0	10296.4	57822	0
3190990	8486.1	0	10367.9	57822	0
3241320	8569.2	0	10437.8	57822	0
3291650	8649.6	0	10506.2	57822	0
3341980	8728.3	0	10573.1	57822	0
3392310	8803.6	0	10638.5	57822	0
3442640	8876.1	0	10702.3	57822	0
3492970	8946.1	0	10764.7	57822	0
3543300	9013.8	0	10825.7	57822	0
3593640	9079.2	0	10885.2	57822	0
3643970	9142.6	0	10943.4	57822	0
3694300	9204.2	0	11000.1	57822	0
3744630	9263.4	0	11055.5	57822	0
3794960	9320.5	0	11109.5	57822	0
3845290	9376	0	11162.3	57822	0
3895620	9429.7	0	11213.7	57822	0
3945950	9481.4	0	11263.9	57822	0
3996280	9530.6	0	11312.7	57822	0
4046620	9577.7	0	11360.4	57822	0
4096950	9623.2	0	11406.9	57822	0
4147280	9667.3	0	11452.1	57822	0
4197610	9710	0	11496.2	57822	0
4247940	9751.3	0	11539.1	57822	0
4298270	9791.4	0	11580.9	57822	0
4348600	9830.4	0	11621.6	57822	0
4398930	9868.2	0	11661.2	57822	0
4449260	9905.1	0	11699.8	57822	0
4499600	9941	0	11737.3	57822	0
4549930	9976.1	0	11773.7	57822	0
4600260	10010.3	0	11809.2	57822	0
4650590	10043.9	0	11843.7	57822	0
4700920	10076.8	0	11877.2	57822	0
4751250	10109.5	0	11909.8	57822	0
4801580	10141.5	0	11941.4	57822	0
4851910	10173.9	0	11972.2	57822	0
4902240	10204.9	0	12000.1	57822	0
4952580	10232.9	0	12031.1	57822	0
5002910	10256.5	0	12059.3	57822	0
5053240	10274.5	0	12086.7	57822	0
5103570	10285.4	0	12113.3	57822	0
5153500	10289	0	12139.1	57822	0
5153500	11042.7	3504.3	12703.7	633.26	85.03
5204610	11058.5	3518.7	12728.9	629.89	85.03
5255320	11071.8	3531.4	12753	626.87	85.03
5306040	11085	3543.5	12776	624.08	85.03
5356750	11098.3	3555.1	12798	621.5	85.03
5407460	11116.6	3566.1	12818.8	619.71	85.03
5458170	11131.6	3576.5	12838.7	617.78	85.03
5508890	11145.7	3586.4	12857.4	615.93	85.03
5559600	11159	3595.7	12875.1	614.21	85.03
5610310	11171.5	3604.4	12891.7	612.62	85.03
5661020	11183.2	3612.6	12907.2	611.12	85.03
5711740	11194.1	3620.2	12921.7	609.74	85.03
5762450	11204.1	3627.2	12935.1	608.48	85.03
5813160	11213.4	3633.7	12947.4	607.31	85.03
5863870	11221.9	3639.6	12958.6	606.26	85.03
5914590	11229.5	3645	12968.8	605.28	85.03
5965300	11236.4	3649.8	12977.9	604.44	85.03
6016010	11242.4	3654	12985.9	603.69	85.03
6066720	11247.7	3657.7	12992.9	603.04	85.03
6117440	11252.1	3660.8	12998.8	602.49	85.03
6168150	11255.7	3663.3	13003.6	602.05	85.03
6218860	11258.6	3665.3	13007.4	601.7	85.03
6269570	11260.6	3666.7	13010	601.46	85.03
6320290	11261.8	3667.5	13011.7	601.32	85.03
6371000	11262.2	3667.8	13012.2	601.27	85.03

